73333885
74879114
73870794
72693065
71459447
72199158
71662279
73005973
75058268
73148344
71714445
74861128
73894001
71074996
72634376
76069267
71522553
74355737
72692203
71522553
75959806
72531470
73179460
71767663
72707412
71459447
72093952
71343472
72887600
73870784
72334911
73170287
72992329
71363475
61287112
72053589
72337901
72592590
71672823
61386973
71365796
72591128
61386769
72991503
74052571
71677579
72338136
72983782
71239214
61500985
60514713
72681800
73155171 
71789590
75479812
71927048
71369829
72066407
72588752
70625379
72865254
73579297
71250118
73185585
60811271
72462527
76431475
72539136
71026500
72042698
61446496
73423863
61446496 
60896306
71926628
60763984
70625099
71927048
75006268
73798104
71158713
72042698
60435013
72543010
72766329
71927048
71239214
7357929
72462527
70596479
61262875
72539136
72168556
72402206
73205669
74302601
74853177
75190247
71155346
61303624
61089354
72647657
71246768
73180076
71161382
71465932
70688775
74853177
61303524
72647657
72489695
70697364
72427488
71410986
61303524
71809358
70956632
70688775
61089354
74994749
60809736
72742050
73059144
71155346
71094064
70956632
75190247
70688775
60843807
73376612
74853177
74994749
61262543 
72427488
72647657
74719424
75424965
73174183
73180016
72038375
73059144
72652803
74952627
74204701
76944062
75424965
73577153
75808899
71465933
71555459
74302601
71410986
61089354
75190247
74302601
61108339
60901104
60884343
76097620
74207486
73528030
71984912
75086672
72755395
74075798
70593942
72941704
71765345
72381267
70633357
70591463
70783771
70632763
71655604
73688640
60815767
74878762
76576728
71163814
61643691 
60870234
71183199
71365620
72732932
60810060
61207630
61100048
61183580
70694399
70962060
74542692
61287254
61350497
73435466
70621806
61069059
61021882
70621777
72020190